featureband madelon knn

percent = 10

times: [10.3939208984375, 21.42425036430359, 32.0733528137207, 42.593509674072266, 52.973750591278076,
63.14132475852966, 73.1977744102478, 83.0198929309845, 92.9209942817688, 102.86560201644897,
112.75437903404236, 122.59760022163391, 132.31480264663696, 141.98435068130493, 151.696631193161,
161.318950176239, 171.02864909172058, 180.62884998321533, 190.23552560806274, 199.93020582199097]

perf_list: [0.6897435897435897, 0.7538461538461538, 0.8128205128205128, 0.8333333333333334, 0.8384615384615385,
0.841025641025641, 0.8525641025641025, 0.8602564102564103, 0.8628205128205129, 0.8602564102564103,
0.8551282051282051, 0.8602564102564103, 0.8692307692307693, 0.8730769230769231, 0.8782051282051282,
0.8756410256410256, 0.8833333333333333, 0.8730769230769231, 0.8794871794871795, 0.8794871794871795]

opti_list: [0.6897435897435897, 0.7538461538461538, 0.8128205128205128, 0.8333333333333334, 0.8384615384615385,
0.841025641025641, 0.8525641025641025, 0.8602564102564103, 0.8628205128205129, 0.8628205128205129,
0.8628205128205129, 0.8628205128205129, 0.8692307692307693, 0.8730769230769231, 0.8782051282051282,
0.8782051282051282, 0.8833333333333333, 0.8833333333333333, 0.8833333333333333, 0.8833333333333333]

madelon knn percentile: 10
cross accuracy =  0.861923076923077

percent = 20

times: [20.19571828842163, 40.751105308532715, 61.29364728927612, 81.7212495803833, 102.0964047908783,
122.40911364555359, 142.52591562271118, 162.60393595695496, 182.67302823066711, 202.7301676273346,
222.53029131889343, 242.4632272720337, 262.25701665878296, 282.2290608882904, 302.21744894981384,
322.1511323451996, 341.97272968292236, 361.4392614364624, 380.9633455276489, 400.4052777290344]

perf_list: [0.7615384615384615, 0.7884615384615384, 0.7974358974358975, 0.8, 0.8141025641025641, 0.8,
0.8205128205128205, 0.8448717948717949, 0.8320512820512821, 0.8320512820512821, 0.8333333333333334,
0.8294871794871795, 0.8397435897435898, 0.8307692307692308, 0.8384615384615385, 0.8397435897435898,
0.8384615384615385, 0.85, 0.8384615384615385, 0.8384615384615385]

opti_list: [0.7615384615384615, 0.7884615384615384, 0.7974358974358975, 0.8, 0.8141025641025641,
0.8141025641025641, 0.8205128205128205, 0.8448717948717949, 0.8448717948717949, 0.8448717948717949,
0.8448717948717949, 0.8448717948717949, 0.8448717948717949, 0.8448717948717949, 0.8448717948717949,
0.8448717948717949, 0.8448717948717949, 0.85, 0.85, 0.85]

cross accuracy =  0.8384615384615384

percent = 30

times: [30.113125324249268, 59.89088726043701, 89.77726459503174, 120.09935522079468, 150.11996221542358,
180.1314058303833, 210.36716842651367, 240.9978106021881, 273.2555992603302,
305.11126255989075, 336.9392502307892, 368.73722672462463, 400.5899307727814, 432.65953755378723,
465.1526653766632, 499.7609791755676, 531.9338958263397, 562.309947013855, 593.0761868953705, 624.0093755722046]

perf_list: [0.7256410256410256, 0.7794871794871795, 0.7961538461538461, 0.7987179487179488, 0.8025641025641026,
0.8, 0.8141025641025641, 0.8012820512820513, 0.8076923076923077, 0.8076923076923077,
0.8051282051282052, 0.8038461538461539, 0.8153846153846154, 0.8038461538461539, 0.8243589743589743,
0.808974358974359, 0.8038461538461539, 0.8141025641025641, 0.808974358974359, 0.808974358974359]

opti_list: [0.7256410256410256, 0.7794871794871795, 0.7961538461538461, 0.7987179487179488, 0.8025641025641026,
0.8025641025641026, 0.8141025641025641, 0.8141025641025641, 0.8141025641025641, 0.8141025641025641,
0.8141025641025641, 0.8141025641025641, 0.8153846153846154, 0.8153846153846154, 0.8243589743589743,
0.8243589743589743, 0.8243589743589743, 0.8243589743589743, 0.8243589743589743, 0.8243589743589743]
madelon knn percentile: 30
cross accuracy =  0.8057692307692308

percent = 40

times: [39.26794695854187, 78.39116191864014, 118.63446688652039, 158.85992693901062, 199.27770328521729,
241.099440574646, 282.04953241348267, 322.94155716896057, 364.01664757728577, 404.8538501262665,
447.6278018951416, 489.76204085350037, 528.2636606693268, 566.5988891124725, 605.0500349998474,
643.2286880016327, 681.1234843730927, 718.9642133712769, 757.0268621444702, 795.7584917545319]

perf_list: [0.7346153846153847, 0.767948717948718, 0.7628205128205128, 0.7807692307692308, 0.7923076923076923,
0.7846153846153846, 0.791025641025641, 0.7974358974358975, 0.782051282051282, 0.8025641025641026,
0.7871794871794872, 0.791025641025641, 0.7987179487179488, 0.8051282051282052, 0.7948717948717948,
0.7974358974358975, 0.8038461538461539, 0.7987179487179488, 0.7987179487179488, 0.8025641025641026]

opti_list: [0.7346153846153847, 0.767948717948718, 0.767948717948718, 0.7807692307692308, 0.7923076923076923,
0.7923076923076923, 0.7923076923076923, 0.7974358974358975, 0.7974358974358975, 0.8025641025641026,
0.8025641025641026, 0.8025641025641026, 0.8025641025641026, 0.8051282051282052, 0.8051282051282052,
0.8051282051282052, 0.8051282051282052, 0.8051282051282052, 0.8051282051282052, 0.8051282051282052]

madelon knn percentile: 40
cross accuracy =  0.7849999999999999

percent = 50

times: [50.439335107803345, 98.99034357070923, 147.4732151031494, 199.4602246284485, 251.08263397216797,
302.2208800315857, 353.81232142448425, 404.67821764945984, 461.3699884414673, 509.71561455726624,
558.4052772521973, 608.2438042163849, 659.0917694568634, 708.4105174541473, 758.5513396263123,
806.2525095939636, 853.962575674057, 901.504909992218, 948.9875378608704, 999.5690011978149]

perf_list: [0.735897435897436, 0.7487179487179487, 0.7756410256410257, 0.7871794871794872, 0.7794871794871795,
0.7705128205128206, 0.7846153846153846, 0.7730769230769231, 0.782051282051282, 0.7833333333333333,
0.7794871794871795, 0.7769230769230769, 0.7807692307692308, 0.7794871794871795, 0.7871794871794872,
0.7807692307692308, 0.7794871794871795, 0.7833333333333333, 0.7858974358974359, 0.7833333333333333]

opti_list: [0.735897435897436, 0.7487179487179487, 0.7756410256410257, 0.7871794871794872, 0.7871794871794872,
0.7871794871794872, 0.7871794871794872, 0.7871794871794872, 0.7871794871794872, 0.7871794871794872,
0.7871794871794872, 0.7871794871794872, 0.7871794871794872, 0.7871794871794872, 0.7871794871794872, 0.7871794871794872,
0.7871794871794872, 0.7871794871794872, 0.7871794871794872, 0.7871794871794872]

madelon knn percentile: 50
cross accuracy =  0.7665384615384615

percent = 60

times: [59.76746320724487, 116.49345350265503, 172.1921215057373, 227.52213549613953, 282.77947640419006,
338.1948745250702, 399.60447812080383, 461.8375825881958, 519.261223077774, 575.7745516300201,
634.0139458179474, 690.7081212997437, 746.6113970279694, 802.7898733615875, 858.9217336177826,
914.9230995178223, 973.8438141345978, 1033.2348346710205, 1088.5090944766998, 1143.8683936595917]

perf_list: [0.7423076923076923, 0.7474358974358974, 0.7564102564102564, 0.7512820512820513, 0.7653846153846153,
0.7512820512820513, 0.7576923076923077, 0.7615384615384615, 0.7628205128205128, 0.7615384615384615,
0.767948717948718, 0.7756410256410257, 0.7628205128205128, 0.7705128205128206, 0.7666666666666667,
0.7705128205128206, 0.7743589743589744, 0.764102564102564, 0.7756410256410257, 0.7730769230769231]

opti_list: [0.7423076923076923, 0.7474358974358974, 0.7564102564102564, 0.7564102564102564,
0.7653846153846153, 0.7653846153846153, 0.7653846153846153, 0.7653846153846153, 0.7653846153846153,
0.7653846153846153, 0.767948717948718, 0.7756410256410257, 0.7756410256410257, 0.7756410256410257,
0.7756410256410257, 0.7756410256410257, 0.7756410256410257, 0.7756410256410257, 0.7756410256410257, 0.7756410256410257]

madelon knn percentile: 60
cross accuracy =  0.7473076923076923

percent = 70

times: [67.57907700538635, 132.03320121765137, 196.37765789031982, 260.6611568927765, 328.2256784439087,
395.0247371196747, 461.7112708091736, 526.7460336685181, 590.9038019180298, 654.5235588550568,
718.3950619697571, 782.691339969635, 848.3422162532806, 915.3206770420074, 981.5537490844727,
1049.0671951770782, 1118.7378838062286, 1183.5433278083801, 1247.666076183319, 1311.8641324043274]

perf_list: [0.735897435897436, 0.7538461538461538, 0.7551282051282051, 0.7448717948717949, 0.7653846153846153,
0.7564102564102564, 0.7615384615384615, 0.7551282051282051, 0.7538461538461538,
0.7487179487179487, 0.7551282051282051, 0.7474358974358974, 0.7564102564102564,
0.7512820512820513, 0.7576923076923077, 0.75, 0.7615384615384615, 0.764102564102564, 0.7512820512820513, 0.7589743589743589]

opti_list: [0.735897435897436, 0.7538461538461538, 0.7551282051282051, 0.7551282051282051, 0.7653846153846153,
0.7653846153846153, 0.7653846153846153, 0.7653846153846153, 0.7653846153846153, 0.7653846153846153,
0.7653846153846153, 0.7653846153846153, 0.7653846153846153, 0.7653846153846153, 0.7653846153846153,
0.7653846153846153, 0.7653846153846153, 0.7653846153846153, 0.7653846153846153, 0.7653846153846153]

madelon knn percentile: 70
cross accuracy =  0.7276923076923077

percent = 80

times: [77.30736351013184, 152.5266342163086, 229.14482831954956, 307.1667275428772, 382.86743211746216,
460.60340905189514, 541.368378162384, 621.7996435165405, 698.0705671310425, 774.3732750415802,
849.5760414600372, 925.1168248653412, 1003.9273171424866, 1083.811233997345, 1163.3145744800568,
1242.0136282444, 1317.5552113056183, 1390.796530008316, 1464.853185892105, 1549.7024281024933]

perf_list: [0.7243589743589743, 0.7282051282051282, 0.7243589743589743, 0.7576923076923077, 0.7410256410256411,
0.7512820512820513, 0.7410256410256411, 0.7423076923076923, 0.7384615384615385, 0.7564102564102564,
0.7410256410256411, 0.7384615384615385, 0.7384615384615385, 0.7423076923076923, 0.735897435897436,
0.7461538461538462, 0.7384615384615385, 0.7487179487179487, 0.7410256410256411, 0.7371794871794872]

opti_list: [0.7243589743589743, 0.7282051282051282, 0.7282051282051282, 0.7576923076923077, 0.7576923076923077,
0.7576923076923077, 0.7576923076923077, 0.7576923076923077, 0.7576923076923077, 0.7576923076923077,
0.7576923076923077, 0.7576923076923077, 0.7576923076923077, 0.7576923076923077, 0.7576923076923077,
0.7576923076923077, 0.7576923076923077, 0.7576923076923077, 0.7576923076923077, 0.7576923076923077]

madelon knn percentile: 80
cross accuracy =  0.7365384615384616

percent = 90

times: [87.17719197273254, 172.6680247783661, 254.2634983062744, 336.3225750923157, 421.7282178401947,
509.32887172698975, 597.6816294193268, 683.2532470226288, 769.1848502159119, 857.1503534317017,
941.4112260341644, 1026.3812386989594, 1117.3817217350006, 1209.0015316009521, 1294.7299382686615,
1379.3648285865784, 1476.768676996231, 1557.7440042495728, 1638.7013368606567, 1720.0436413288116]

perf_list: [0.7243589743589743, 0.7423076923076923, 0.7205128205128205, 0.7115384615384616, 0.7294871794871794,
0.7384615384615385, 0.7205128205128205, 0.7333333333333333, 0.7294871794871794, 0.7192307692307692,
0.732051282051282, 0.7256410256410256, 0.7205128205128205, 0.7256410256410256, 0.7269230769230769,
0.7538461538461538, 0.7294871794871794, 0.7230769230769231, 0.7371794871794872, 0.7243589743589743]

opti_list: [0.7243589743589743, 0.7423076923076923, 0.7423076923076923, 0.7423076923076923, 0.7423076923076923,
0.7423076923076923, 0.7423076923076923, 0.7423076923076923, 0.7423076923076923, 0.7423076923076923,
0.7423076923076923, 0.7423076923076923, 0.7423076923076923, 0.7423076923076923, 0.7423076923076923,
0.7538461538461538, 0.7538461538461538, 0.7538461538461538, 0.7538461538461538, 0.7538461538461538]

madelon knn percentile: 90
cross accuracy =  0.7219230769230769

#1 max_iter = 50
times: [10.655225276947021, 21.57260489463806, 32.07868242263794, 42.34452271461487, 52.46183228492737,
62.538331270217896, 72.65229058265686, 82.70793414115906, 92.72637724876404, 102.8102297782898,
112.89303851127625, 122.89005208015442, 132.86125302314758, 142.72236013412476, 152.59990739822388,
162.57919073104858, 172.45042514801025, 182.27548813819885, 192.19611382484436, 202.10009741783142,
211.92186665534973, 221.43431520462036, 230.97978591918945, 240.56974744796753, 250.10002279281616,
259.6921925544739, 269.28475308418274, 278.8950836658478, 288.53558588027954, 298.1557648181915,
307.749165058136, 317.40105867385864, 327.0442202091217, 336.55851006507874, 346.13423919677734,
355.6282789707184, 365.1873245239258, 374.7239887714386, 384.36822295188904, 393.99160504341125, 403.60289120674133, 413.15927362442017, 422.74880862236023, 432.2836320400238, 441.7749915122986, 451.30225825309753, 460.84113788604736, 470.3732159137726, 479.91568970680237, 489.44097566604614]

perf_list: [0.6435897435897436, 0.7833333333333333, 0.8038461538461539, 0.8282051282051283, 0.841025641025641,
0.8474358974358974, 0.8538461538461538, 0.8576923076923076, 0.8589743589743589, 0.8576923076923076,
0.867948717948718, 0.8641025641025641, 0.8692307692307693, 0.867948717948718, 0.8756410256410256,
0.8717948717948718, 0.8692307692307693, 0.8807692307692307, 0.8756410256410256, 0.8666666666666667,
0.8807692307692307, 0.8769230769230769, 0.8782051282051282, 0.8743589743589744, 0.8717948717948718, 0.8756410256410256, 0.8807692307692307, 0.8756410256410256, 0.882051282051282, 0.8756410256410256, 0.8871794871794871, 0.8897435897435897, 0.882051282051282, 0.882051282051282, 0.8884615384615384, 0.8935897435897436, 0.8794871794871795, 0.8884615384615384, 0.8871794871794871, 0.8897435897435897, 0.8884615384615384, 0.8897435897435897, 0.8871794871794871, 0.8858974358974359, 0.8897435897435897, 0.8858974358974359, 0.8910256410256411, 0.8807692307692307, 0.8858974358974359, 0.9012820512820513]

opti_list: [0.6435897435897436, 0.7833333333333333, 0.8038461538461539, 0.8282051282051283, 0.841025641025641,
0.8474358974358974, 0.8538461538461538, 0.8576923076923076, 0.8589743589743589, 0.8589743589743589,
0.867948717948718, 0.867948717948718, 0.8692307692307693, 0.8692307692307693, 0.8756410256410256,
0.8756410256410256, 0.8756410256410256, 0.8807692307692307, 0.8807692307692307, 0.8807692307692307,
0.8807692307692307, 0.8807692307692307, 0.8807692307692307, 0.8807692307692307, 0.8807692307692307, 0.8807692307692307, 0.8807692307692307, 0.8807692307692307, 0.882051282051282, 0.882051282051282, 0.8871794871794871, 0.8897435897435897, 0.8897435897435897, 0.8897435897435897, 0.8897435897435897, 0.8935897435897436, 0.8935897435897436, 0.8935897435897436, 0.8935897435897436, 0.8935897435897436, 0.8935897435897436, 0.8935897435897436, 0.8935897435897436, 0.8935897435897436, 0.8935897435897436, 0.8935897435897436, 0.8935897435897436, 0.8935897435897436, 0.8935897435897436, 0.9012820512820513]


cross accuracy: 0.8788461538461538



#2 max_iter = 50, percent = 20
times: [22.614081621170044, 46.65922713279724, 67.47438955307007, 88.38508415222168, 109.11222577095032, 129.6836223602295, 150.3361496925354, 171.13559770584106, 192.07060766220093, 212.94858860969543, 233.74691915512085, 254.48069071769714, 275.29708647727966, 296.06761956214905, 316.5547502040863, 337.62205505371094, 359.6759819984436, 380.0099263191223, 400.5247404575348, 420.9241850376129, 440.89867401123047, 460.7202067375183, 480.54287576675415, 501.4649543762207, 523.8722741603851, 544.5316576957703, 564.826822757721, 585.1755139827728, 605.4567992687225, 625.6708567142487, 645.8227229118347, 665.8030149936676, 685.7927343845367, 708.1544864177704, 728.8453845977783, 749.3636479377747, 769.781553030014, 790.1655616760254, 810.5349056720734, 830.8636474609375, 851.1623001098633, 871.4599094390869, 891.6742997169495, 911.9383177757263, 932.2778241634369, 952.4885053634644, 972.7305309772491, 993.0648279190063, 1013.3207638263702, 1033.692135334015, 1054.0718286037445, 1074.0390872955322, 1094.2326164245605, 1114.4338600635529, 1134.757977962494, 1154.9914746284485, 1175.2649652957916, 1195.791751384735, 1215.9468953609467, 1239.526067495346, 1259.6815054416656, 1279.8818624019623, 1299.808715581894, 1319.816189289093, 1339.8510472774506, 1360.1541435718536, 1383.4177479743958, 1403.8933086395264, 1425.1696472167969, 1445.9324793815613, 1466.9921946525574, 1487.588725566864, 1507.733379125595, 1528.120017528534, 1548.5031507015228, 1568.7555639743805, 1588.9332301616669, 1608.8391733169556, 1628.2591836452484, 1647.9886808395386, 1669.9929778575897, 1691.263612985611, 1711.5743851661682, 1732.7627217769623, 1753.4102852344513, 1774.4451718330383, 1795.9123332500458, 1817.8111593723297, 1838.6221873760223, 1859.6769981384277, 1879.9301187992096, 1900.8217189311981, 1921.5100829601288, 1941.7061245441437, 1961.719173669815, 1982.2785885334015, 2002.7482573986053, 2023.0424828529358, 2042.5977540016174, 2062.1979835033417]
perf_list: [0.7217948717948718, 0.8025641025641026, 0.7923076923076923, 0.7987179487179488, 0.7948717948717948, 0.8012820512820513, 0.8025641025641026, 0.8243589743589743, 0.8192307692307692, 0.8217948717948718, 0.8166666666666667, 0.8307692307692308, 0.8141025641025641, 0.8397435897435898, 0.8461538461538461, 0.8346153846153846, 0.8641025641025641, 0.8487179487179487, 0.8461538461538461, 0.8448717948717949, 0.8346153846153846, 0.8551282051282051, 0.8397435897435898, 0.8435897435897436, 0.8448717948717949, 0.8371794871794872, 0.8371794871794872, 0.8384615384615385, 0.8435897435897436, 0.8435897435897436, 0.8525641025641025, 0.85, 0.8397435897435898, 0.8474358974358974, 0.8474358974358974, 0.8551282051282051, 0.8666666666666667, 0.8512820512820513, 0.85, 0.8564102564102564, 0.8551282051282051, 0.85, 0.8435897435897436, 0.8525641025641025, 0.8474358974358974, 0.8461538461538461, 0.8487179487179487, 0.8589743589743589, 0.8512820512820513, 0.8538461538461538, 0.85, 0.85, 0.85, 0.8474358974358974, 0.85, 0.8448717948717949, 0.8538461538461538, 0.8551282051282051, 0.8564102564102564, 0.8397435897435898, 0.8551282051282051, 0.8448717948717949, 0.8525641025641025, 0.8538461538461538, 0.8564102564102564, 0.8525641025641025, 0.8551282051282051, 0.8551282051282051, 0.8461538461538461, 0.8615384615384616, 0.8525641025641025, 0.8423076923076923, 0.8474358974358974, 0.8461538461538461, 0.8589743589743589, 0.8448717948717949, 0.8512820512820513, 0.8538461538461538, 0.8512820512820513, 0.8512820512820513, 0.8551282051282051, 0.8576923076923076, 0.8551282051282051, 0.8564102564102564, 0.85, 0.85, 0.8474358974358974, 0.8487179487179487, 0.8397435897435898, 0.8564102564102564, 0.8346153846153846, 0.8551282051282051, 0.8397435897435898, 0.8538461538461538, 0.8474358974358974, 0.8551282051282051, 0.8474358974358974, 0.8525641025641025, 0.85, 0.8423076923076923]
opti_list: [0.7217948717948718, 0.8025641025641026, 0.8025641025641026, 0.8025641025641026, 0.8025641025641026, 0.8025641025641026, 0.8025641025641026, 0.8243589743589743, 0.8243589743589743, 0.8243589743589743, 0.8243589743589743, 0.8307692307692308, 0.8307692307692308, 0.8397435897435898, 0.8461538461538461, 0.8461538461538461, 0.8641025641025641, 0.8641025641025641, 0.8641025641025641, 0.8641025641025641, 0.8641025641025641, 0.8641025641025641, 0.8641025641025641, 0.8641025641025641, 0.8641025641025641, 0.8641025641025641, 0.8641025641025641, 0.8641025641025641, 0.8641025641025641, 0.8641025641025641, 0.8641025641025641, 0.8641025641025641, 0.8641025641025641, 0.8641025641025641, 0.8641025641025641, 0.8641025641025641, 0.8666666666666667, 0.8666666666666667, 0.8666666666666667, 0.8666666666666667, 0.8666666666666667, 0.8666666666666667, 0.8666666666666667, 0.8666666666666667, 0.8666666666666667, 0.8666666666666667, 0.8666666666666667, 0.8666666666666667, 0.8666666666666667, 0.8666666666666667, 0.8666666666666667, 0.8666666666666667, 0.8666666666666667, 0.8666666666666667, 0.8666666666666667, 0.8666666666666667, 0.8666666666666667, 0.8666666666666667, 0.8666666666666667, 0.8666666666666667, 0.8666666666666667, 0.8666666666666667, 0.8666666666666667, 0.8666666666666667, 0.8666666666666667, 0.8666666666666667, 0.8666666666666667, 0.8666666666666667, 0.8666666666666667, 0.8666666666666667, 0.8666666666666667, 0.8666666666666667, 0.8666666666666667, 0.8666666666666667, 0.8666666666666667, 0.8666666666666667, 0.8666666666666667, 0.8666666666666667, 0.8666666666666667, 0.8666666666666667, 0.8666666666666667, 0.8666666666666667, 0.8666666666666667, 0.8666666666666667, 0.8666666666666667, 0.8666666666666667, 0.8666666666666667, 0.8666666666666667, 0.8666666666666667, 0.8666666666666667, 0.8666666666666667, 0.8666666666666667, 0.8666666666666667, 0.8666666666666667, 0.8666666666666667, 0.8666666666666667, 0.8666666666666667, 0.8666666666666667, 0.8666666666666667, 0.8666666666666667]
(2600, 100)
madelon knn percentile: 20
cross accuracy =  0.8446153846153847


# max_iter = 100, percent = 30
cross accuracy =  0.8265384615384616

#
madelon knn percentile: 40
cross accuracy =  0.7988461538461538

