# ftest, madelon, knn
[0.8419230769230769, 0.7965384615384614, 0.7657692307692308, 0.7530769230769231, 0.7303846153846154,
0.7096153846153846, 0.72, 0.7223076923076923, 0.7111538461538462, 0.7026923076923077]

# ftest, madelon, logistic
[0.6215384615384616, 0.6323076923076922, 0.6307692307692306, 0.6257692307692307, 0.6230769230769231,
0.6130769230769231, 0.6053846153846154, 0.5938461538461539, 0.5719230769230769, 0.5549999999999999]

# ftest, madelon, decision_tree
[0.736923076923077, 0.7215384615384616, 0.7288461538461538, 0.7280769230769231, 0.7184615384615385,
0.7253846153846154, 0.7346153846153847, 0.7607692307692308, 0.7611538461538461, 0.7603846153846153]

# ftest, basehock, knn
[0.9107005735749454, 0.9132509517283387, 0.916743312522207, 0.903703060758337, 0.8891679102583625,
0.8711049185320542, 0.8931703974417541, 0.8956779605096188, 0.9011476320998935, 0.8721024059692402]

# ftest basehock logistic
[0.9744370844119586, 0.9769471092837925, 0.9779420841581645, 0.979447134663215, 0.978944622100401,
0.981447134663215, 0.9824471854220598, 0.9784345972285671, 0.9784320592863306, 0.9804421349170094]

# ftest basehock decision_tree
[0.9363011776051978, 0.9257534389117303, 0.9337734125171311, 0.9332760012182122, 0.9257508755900714,
0.927748261509568, 0.9342836658037663, 0.9342836658037663, 0.9317634891629867, 0.9337836150449217]

# ftest usps knn
[0.8171352175480753, 0.9023320984444417, 0.9355530525576338, 0.9616921319563765, 0.9640569484117302,
0.9694337935105398, 0.9696476947681157, 0.9711567891827178, 0.9707259687348031, 0.9711578164652671]

ftest usps logistic
[0.7609122912580034, 0.8800533363023713, 0.9082200760386397, 0.9302781185796057, 0.9346930065822635,
0.9383509248079587, 0.9397478607030735, 0.940929740095511, 0.943402538988934, 0.9451261039705298]

# ftest usps decision_tree
[0.7527336191001025, 0.8326421774589882, 0.8571500804668798, 0.8840254535343572, 0.8837100271044696,
0.8843472175669517, 0.8872576441889073, 0.8854287154734989, 0.8855219817617401, 0.8856246542735597]

# chi2 madelon knn
[0.7884615384615384, 0.7646153846153846, 0.7273076923076924, 0.7126923076923076, 0.7296153846153847,
0.7311538461538463, 0.721923076923077, 0.711923076923077, 0.7053846153846155, 0.7026923076923077]


# chi2




