featureaband

times: [34.332215309143066, 69.94655251502991, 105.3880410194397, 141.35932302474976, 177.35183906555176,
213.3518681526184, 249.4493248462677, 285.3223180770874, 321.31349444389343, 357.06778621673584,
392.96981167793274, 429.2703833580017, 465.5793843269348, 502.10969161987305, 538.686844587326,
575.319709777832, 611.9197225570679, 648.4507141113281, 684.6551029682159, 721.2090847492218]

perf_list: [0.9387096774193548, 0.9483870967741935, 0.9476702508960574, 0.953763440860215, 0.9566308243727598,
0.953405017921147, 0.9551971326164874, 0.9541218637992831, 0.9573476702508961, 0.9598566308243728,
0.9598566308243728, 0.9612903225806452, 0.9620071684587813, 0.9594982078853047,
0.9609318996415771, 0.9620071684587813, 0.9609318996415771, 0.9623655913978495, 0.9637992831541219, 0.9627240143369176]

global_best = [0.938709677419354, 0.9483870967741935, 0.9483870967741935, 0.953763440860215, 0.9566308243727598,
0.9566308243727598, 0.9566308243727598, 0.9566308243727598, 0.9573476702508961, 0.9598566308243728,
0.9598566308243728, 0.9612903225806452, 0.9620071684587813, 0.9620071684587813, 0.9620071684587813,
0.9620071684587813, 0.9620071684587813, 0.9623655913978495, 0.9637992831541219, 0.9637992831541219]

k = 20

cross accuracy =  0.9621225832850602